[<tf.Variable 'dense_31/kernel:0' shape=(2, 32) dtype=float32, numpy=
 array([[-0.57996476,  0.4394619 , -0.4457764 ,  0.9288236 ,  0.01220346,
          0.4353853 ,  0.1065959 ,  0.27075016, -0.42365983,  0.34118658,
          0.9439077 , -0.42232302, -0.27319607,  0.84965074, -1.0619317 ,
          0.3694142 , -0.2772576 , -0.59437996, -0.14044486,  0.50815356,
         -0.11073765, -0.67114073, -0.5654682 , -0.84447366, -0.62698865,
         -0.72535807, -0.42379278,  0.50840497, -0.7653237 ,  0.12986887,
          0.6754114 , -0.42144674],
        [ 0.17263895,  0.33598363, -0.5467448 , -0.30200827,  0.69072604,
         -0.43186924, -0.41741443, -0.21179572, -0.11056237, -0.2681672 ,
         -0.27178195, -0.44015574,  0.16357447,  0.3487883 ,  0.05483698,
          0.51189727, -0.07034744,  0.26515982,  0.44256526,  0.33197492,
         -0.99368775,  0.09305307, -0.4265271 ,  0.08819563,  0.05941877,
          0.11026098,  0.20421167,  0.17818642, -0.37157398,  0.44804046,
          0.08190334, -0.11414037]], dtype=float32)>,
 <tf.Variable 'dense_31/bias:0' shape=(32,) dtype=float32, numpy=
 array([ 0.30860892,  0.17089286,  0.18262826, -0.09691164,  0.01816181,
        -0.23740602,  0.0769548 , -0.346044  ,  0.33304745, -0.42752284,
         0.05716076,  0.27048847,  0.26219058,  0.285411  ,  0.15712485,
        -0.41305587,  0.3000337 ,  0.29101327, -0.05665107, -0.29693747,
        -0.04055696,  0.3196664 ,  0.42706245,  0.02967035,  0.27195278,
         0.2650881 ,  0.3308854 , -0.27570513, -0.1423966 , -0.2592713 ,
        -0.30230767,  0.36193985], dtype=float32)>,
 <tf.Variable 'dense_32/kernel:0' shape=(32, 16) dtype=float32, numpy=
 array([[-0.20792732,  0.4023811 , -1.3042837 , -0.05653305, -1.3961749 ,
         -0.67733836, -0.35377687,  0.83169913, -0.6629009 ,  1.2653908 ,
         -0.59290344,  0.24438064,  0.65950376,  0.50540954, -1.2849793 ,
         -1.606813  ],
        [-0.313882  ,  0.19177715, -0.11022389, -0.2343927 , -0.18088074,
          0.5637092 , -0.451513  , -0.6671514 , -0.05214193,  0.04050004,
          0.16085105,  0.4572456 , -0.14640784, -0.0601506 ,  0.13122842,
         -0.06042365],
        [ 0.5600475 , -0.05389604, -0.14131556,  0.56611663,  0.19735958,
         -0.24510986,  0.08672059,  0.35663337, -0.11837547,  0.16225182,
          0.17740718, -0.48502073,  0.60429883,  0.58734643, -0.24270022,
         -0.24643221],
        [ 0.06277829, -0.4161227 , -0.09173832,  0.10880218,  0.3226048 ,
          1.1119123 ,  0.04873531, -1.4753292 ,  0.8275062 , -0.2480876 ,
          0.5645118 , -0.3101086 , -0.8532986 , -1.116118  ,  0.7282423 ,
          0.6301285 ],
        [-0.11751378,  0.6088566 ,  0.09616516, -0.4737244 , -0.12091368,
         -0.05730756, -0.50188094,  0.05931834,  0.19957472,  0.06590319,
         -0.2235724 ,  0.6208011 , -0.48940983, -0.37828723, -0.1752303 ,
         -0.34860483],
        [ 0.73969615, -0.54630506,  0.7863141 ,  0.63257974,  0.50355715,
          0.3773564 ,  0.37806848, -0.30765164,  0.10313408, -0.6093623 ,
          0.04001166, -0.30500162, -0.35233673,  0.15324666,  0.4957973 ,
          0.58721644],
        [ 0.52115494, -0.31289652, -0.4077734 ,  0.41256398,  0.16541226,
          0.23974642,  0.15889452, -0.30851805,  0.23812436, -0.09887736,
         -0.15569384, -0.2964626 , -0.02365859,  0.4501189 ,  0.07723592,
          0.14051452],
        [ 0.16490333, -0.16523534,  0.683293  ,  0.15070543,  0.85123754,
         -0.06032742, -0.11807222, -0.0534559 , -0.25598216, -0.39882165,
          0.18768518, -0.20658542,  0.05281369, -0.01924073,  0.32689068,
          0.62573713],
        [ 0.29352072, -0.03359769, -1.6312164 ,  0.5578889 , -1.0840284 ,
         -0.7728144 ,  0.0525909 ,  0.46174702, -0.579633  ,  1.3355631 ,
         -0.26263705, -0.25671086,  0.8482745 ,  0.40883705, -0.49444664,
         -1.0368212 ],
        [-0.15000981, -0.29459158,  0.53324366,  0.20877954,  0.57749444,
         -0.30792284,  0.3761794 , -0.29105073, -0.07779488, -0.47962925,
         -0.24918082, -0.25056094,  0.26693043, -0.36616805,  0.1474448 ,
          0.509738  ],
        [ 0.3751191 , -0.29603213, -0.03992547,  0.29284286,  0.0911071 ,
          1.4667705 ,  0.05480855, -1.525703  ,  0.38847363,  0.00228242,
          0.47313333, -0.03583127, -0.37951714, -1.173735  ,  0.2704005 ,
          0.10714556],
        [ 0.13041224, -0.5786898 , -0.2657179 ,  0.54786235,  0.06085765,
         -0.30452055,  0.4956266 ,  0.07789508, -0.49220824,  0.4894208 ,
         -0.31288558, -0.28294873,  0.6582761 ,  0.3114931 ,  0.09802179,
         -0.09917857],
        [-0.4026218 , -0.06654707, -0.63493097, -0.22313534, -0.7418558 ,
         -0.2085434 , -0.29922652,  0.24499081, -0.4010437 ,  0.51297426,
         -0.21839261,  0.20264353,  0.2637259 , -0.18009713, -0.40749967,
         -0.6567384 ],
        [ 0.20363833, -0.06242999, -0.05811488, -0.18494132, -0.33101463,
          0.53753525, -0.28300923, -0.5395657 , -0.06687206,  0.37600347,
         -0.06449714,  0.39593452, -0.07517621, -0.68307847,  0.36097452,
         -0.26090688],
        [-0.11175259, -0.05986185, -0.12383593, -0.46495458, -0.27869812,
         -1.2266085 , -0.15653203,  1.5482473 , -0.19617829,  0.15419507,
         -0.15375787, -0.18875062,  0.7795166 ,  1.3842964 ,  0.10621142,
         -0.26740763],
        [-0.41270393,  1.1145486 ,  1.0179993 , -0.98963696,  0.6104915 ,
          0.25098303, -0.89307153,  0.15008892,  0.8042561 , -0.87045825,
          0.07187664,  0.2028975 , -0.54422444, -0.7131563 ,  0.27617097,
          0.2079868 ],
        [-0.07980116,  0.04131677, -1.0124496 ,  0.11395092, -1.0726341 ,
          0.0745576 ,  0.03896985,  0.3420647 , -0.10533804,  0.68129295,
         -0.09398436,  0.21554495,  0.19571562,  0.03713993, -0.23321527,
         -0.8088088 ],
        [-0.50635034,  0.47935504, -1.2301356 , -0.4917424 , -1.489022  ,
         -0.750626  , -0.5935424 ,  0.43383577, -0.15287536,  1.0178964 ,
         -0.2731101 ,  0.2890053 ,  0.51492476,  0.7795146 , -1.1944467 ,
         -1.0288229 ],
        [-0.49977735,  0.26865986, -0.20234592, -0.3735985 ,  0.0220882 ,
          0.15959606, -0.529936  ,  0.19338787, -0.17700623, -0.21758962,
         -0.23861693,  0.11553291,  0.02412693, -0.11037514, -0.21963184,
         -0.10235798],
        [-0.19672887,  0.2113462 ,  0.4025687 , -0.67941475,  0.21641277,
          0.633914  , -0.62113345, -0.2721324 ,  0.73872554, -0.3239861 ,
          0.27161673, -0.02815176, -0.7589713 , -0.7487574 ,  0.03256808,
          0.43916336],
        [ 0.14837514, -0.7218441 ,  0.20085555,  0.5843203 , -0.01553301,
         -0.10413357,  0.6330136 ,  0.32388157, -0.23016316, -0.23039863,
          0.05083065, -0.4907    ,  0.28939426,  0.01739695, -0.12013303,
         -0.00670874],
        [ 0.16805117, -0.14418869, -0.76765025, -0.4742852 , -1.0731812 ,
         -0.99920046,  0.02915296,  0.59364986, -0.2689102 ,  0.8400796 ,
         -0.43870026,  0.34389672,  0.60911536,  0.70293117, -0.34407872,
         -0.81180555],
        [ 0.5476644 , -0.64570946, -0.7305277 ,  0.29042044, -0.2537489 ,
         -0.4752945 ,  0.31693643,  0.224901  , -0.6740699 ,  0.67126167,
         -0.46171552, -0.22067052,  1.0453203 ,  0.37590757, -0.37721443,
         -0.5876842 ],
        [ 0.09965705,  0.28359124,  0.04727967,  0.12962514, -0.47211403,
         -1.2670021 , -0.3327414 ,  1.3918247 , -0.00429971, -0.10462644,
         -0.7153794 ,  0.2561324 ,  1.1414374 ,  1.0868832 ,  0.01345882,
         -0.41810155],
        [ 0.04894367,  0.11263496, -0.5190375 , -0.20348144, -0.37606522,
         -0.52396387, -0.04621451,  0.6025687 , -0.5147717 ,  0.6931878 ,
         -0.07463626, -0.03119846,  1.0786932 ,  0.46694082, -0.20633274,
         -0.5251427 ],
        [-0.4039044 ,  0.23275849, -0.38324293, -0.20071417, -0.75756794,
         -0.5409823 , -0.0242278 ,  1.0683472 , -0.6525877 ,  0.79106784,
         -0.43639323, -0.07445442,  0.8377327 ,  0.81144035, -0.58997846,
         -0.5160467 ],
        [-0.5243871 ,  0.13036866, -0.81672674, -0.06824003, -0.9333921 ,
         -0.07597753, -0.20230867,  0.3911005 , -0.19677216,  0.8099274 ,
          0.11144289,  0.52092636,  0.3794291 ,  0.18259174, -0.22791888,
         -1.0925119 ],
        [ 0.13934143,  0.20399198,  0.8630163 , -0.14758986,  0.5166801 ,
          0.38952374, -0.26044518, -0.52246773,  0.8066434 , -0.08716907,
         -0.0130025 , -0.11368962, -0.99946886, -0.90074074,  0.5128664 ,
          0.30571666],
        [ 0.15688603, -0.4196412 ,  0.23016497,  0.02414868, -0.18670247,
         -0.21734487, -0.10580234,  0.6849562 ,  0.19967821, -0.24260835,
         -0.25178558, -0.3452882 ,  0.32763073,  0.06691851, -0.3755786 ,
         -0.01956377],
        [-0.6820467 ,  1.089833  ,  0.6059437 , -1.0312461 ,  0.5963649 ,
         -0.44572705, -0.84389025,  0.4707365 ,  0.2741066 , -0.7233965 ,
          0.26058072,  0.3364531 , -0.3242047 , -0.48605746, -0.20865402,
         -0.09198806],
        [ 0.01234683,  0.12533908,  0.8301249 , -0.31545785,  0.770146  ,
          0.57114565, -0.34640336, -0.7214734 ,  0.5381915 , -0.40145597,
          0.6290364 ,  0.3161837 , -0.98292637, -1.1328334 ,  0.41343272,
          0.25779644],
        [ 0.24003641, -0.6871527 , -1.935363  ,  0.04661566, -2.1117783 ,
         -0.7031675 , -0.09226849,  0.32084444, -0.17753969,  2.254188  ,
         -0.56935495, -0.46936178,  0.7457658 ,  0.58838356, -1.0610957 ,
         -1.7251852 ]], dtype=float32)>,
 <tf.Variable 'dense_32/bias:0' shape=(16,) dtype=float32, numpy=
 array([-0.07097872, -0.00132059, -0.44301388,  0.04683984, -0.43043262,
         0.06547942, -0.01767106, -0.15007454, -0.03302623,  0.2502953 ,
         0.06115948,  0.09744014,  0.00511985, -0.03508582, -0.05059938,
        -0.30538446], dtype=float32)>,
 <tf.Variable 'dense_33/kernel:0' shape=(16, 8) dtype=float32, numpy=
 array([[ 0.60833615,  0.8188817 ,  0.85897946,  0.14989373,  0.02598139,
         -0.1159189 ,  0.3085368 ,  0.4450354 ],
        [-0.6974955 , -0.12951356, -0.08172116, -0.623608  ,  0.7321133 ,
         -0.39397058, -0.49095204, -0.39200455],
        [ 1.1510365 , -1.1186107 ,  0.85665137, -1.0030246 ,  0.8012451 ,
         -0.7773803 , -0.9594142 , -0.97136223],
        [ 0.39891097,  0.3073105 ,  0.59891206,  0.5216197 , -0.17038307,
          0.49974918,  0.707531  ,  0.65871197],
        [ 1.428112  , -0.18491551,  1.2598954 , -0.60889894,  0.3441346 ,
         -0.400346  , -1.0642959 , -0.7250771 ],
        [ 1.0127158 ,  0.71241754,  0.19778793,  1.1757381 ,  0.91835916,
          1.0363863 ,  0.35491988, -1.4523628 ],
        [ 0.3581467 ,  0.555844  ,  0.45127127,  0.7031623 , -0.4662704 ,
          0.8655145 ,  0.37643403,  0.26050636],
        [-0.19054113, -0.71027386, -0.808357  , -0.9738986 , -1.2014959 ,
         -1.4986166 , -0.7351655 ,  1.2015673 ],
        [ 0.55341274,  0.01086558, -0.42099112,  0.07802176,  0.95303005,
         -0.41479808,  0.20009834, -0.42577544],
        [-1.6117646 ,  0.98814166, -1.690757  ,  0.95366675, -0.06563244,
          0.01717863,  1.1160339 ,  0.33479404],
        [ 0.8492186 ,  0.02447265,  0.9173288 ,  0.5601896 ,  0.44885203,
         -0.30650347,  0.3494099 , -0.5127177 ],
        [-0.2640329 , -0.6873808 , -0.17955437, -0.5765277 , -0.33182505,
         -0.47588453, -0.7625916 , -0.30734977],
        [ 0.06568494, -0.2535924 , -0.5901471 , -0.14981619, -3.0204022 ,
         -0.3784153 , -0.7008876 ,  2.9985008 ],
        [-0.00910137, -0.04350021, -0.3430489 , -0.5858187 , -1.3302511 ,
         -0.2687129 , -1.1522859 ,  1.4320678 ],
        [ 1.1268208 ,  0.404339  ,  0.93433255, -0.02452601,  0.18695432,
         -0.45499402,  0.22886838, -0.37926218],
        [ 2.312013  , -0.03859166,  2.5604753 , -0.84036064,  0.3933345 ,
         -0.67408395, -0.8035438 , -0.7560717 ]], dtype=float32)>,
 <tf.Variable 'dense_33/bias:0' shape=(8,) dtype=float32, numpy=
 array([ 0.06165734, -0.16030738, -0.08048384, -0.21208623, -0.08637585,
        -0.2764151 , -0.1810451 ,  0.13278155], dtype=float32)>,
 <tf.Variable 'dense_34/kernel:0' shape=(8, 4) dtype=float32, numpy=
 array([[-0.48101398, -2.4965851 ,  2.0843234 ,  0.42140943],
        [ 0.560281  ,  1.362143  ,  1.0556453 , -1.4976333 ],
        [-0.4136521 , -2.3459272 ,  1.8831702 ,  0.6840544 ],
        [ 1.509032  ,  0.5334834 ,  1.64626   , -4.1813736 ],
        [-2.1358953 ,  1.8952754 ,  0.48032558, -0.76751786],
        [ 1.8393348 ,  0.8790378 ,  0.07923685, -2.2300925 ],
        [ 2.0437098 ,  1.18318   ,  2.330525  , -4.4608197 ],
        [ 2.389106  , -1.9752697 , -0.2612738 ,  0.7717507 ]],
       dtype=float32)>,
 <tf.Variable 'dense_34/bias:0' shape=(4,) dtype=float32, numpy=array([-0.10196111, -1.0205652 , -0.11116049,  1.0112774 ], dtype=float32)>]